File with comparition of: niecentr_4_CCR_1_a_orgin_points niecentr_4_CCR_1_a_new_points 4_CCR_1_a_orgin_points 4_CCR_1_a_new_points

AA_num           Description           niecentr_4_CCR_1_a_orgin_points  niecentr_4_CCR_1_a_new_points      4_CCR_1_a_orgin_points           4_CCR_1_a_new_points       Positions are the same?	1,3 are the same?

  0                 None                            None                            None                            None                            None                        None                  yes       
  1                 None                            None                            None                            None                            None                        None                  yes       
  2                 None                            None                            None                            None                            None                        None                  yes       
  3           Q3N-H2CO-CA-Q3HN                      None                            None                      [9, 34, 160, 125]               [9, 34, 160, 125]                 None                  no        
  4           D4N-Q3CO-CA-D4HN                [9, 38, 146, 132]               [9, 38, 146, 132]               [9, 38, 146, 132]               [9, 38, 146, 132]                  OK                   yes       
  5           H5N-D4CO-CA-H5HN               [33, 52, 132, 142]              [33, 52, 132, 142]              [33, 52, 132, 142]              [33, 52, 132, 142]                  OK                   yes       
  6           V6N-H5CO-CA-V6HN               [60, 37, 158, 130]              [60, 37, 158, 131]              [60, 37, 158, 131]              [60, 37, 158, 131]                Change                 yes       
  7           D7N-V6CO-CA-D7HN                [6, 27, 135, 71]                [7, 27, 135, 71]                [7, 27, 135, 71]                [7, 27, 135, 71]                 Change                 yes       
  8           S8N-D7CO-CA-S8HN               [34, 60, 119, 144]              [34, 60, 119, 144]              [34, 60, 118, 144]              [34, 60, 118, 144]                Change                 no        
  9           Q9N-S8CO-CA-Q9HN               [21, 39, 151, 101]              [21, 39, 151, 101]              [21, 39, 151, 101]              [21, 39, 151, 101]                  OK                   yes       
  10         S10N-Q9CO-CA-S10HN              [50, 63, 122, 127]              [51, 63, 122, 127]              [51, 63, 122, 127]              [51, 63, 122, 127]                Change                 yes       
  11         Q11N-S10CO-CA-Q11HN             [22, 37, 150, 104]              [22, 37, 150, 103]              [22, 37, 150, 103]              [22, 37, 150, 103]                Change                 yes       
  12         E12N-Q11CO-CA-E12HN             [33, 42, 122, 126]              [33, 42, 121, 126]              [33, 42, 121, 126]              [33, 42, 121, 126]                Change                 yes       
  13         H13N-E12CO-CA-H13HN             [33, 51, 115, 116]              [34, 51, 115, 115]              [34, 51, 115, 115]              [34, 51, 115, 115]                Change                 yes       
  14         L14N-H13CO-CA-L14HN             [68, 34, 147, 129]              [68, 34, 146, 129]              [68, 34, 146, 129]              [68, 34, 146, 129]                Change                 yes       
  15         Q15N-L14CO-CA-Q15HN              [34, 44, 97, 132]               [35, 44, 97, 132]               [35, 44, 97, 132]               [35, 44, 97, 132]                Change                 yes       
  16         Q16N-Q15CO-CA-Q16HN             [30, 40, 126, 127]              [31, 40, 126, 127]              [31, 40, 126, 127]              [31, 40, 126, 127]                Change                 yes       
  17         T17N-Q16CO-CA-T17HN             [47, 68, 122, 127]              [47, 68, 122, 127]              [47, 68, 122, 127]              [47, 68, 122, 127]                  OK                   yes       
  18         Q18N-T17CO-CA-Q18HN              [21, 37, 155, 71]               [22, 37, 155, 71]               [22, 37, 155, 71]               [22, 37, 155, 71]                Change                 yes       
  19         N19N-Q18CO-CA-N19HN             [22, 47, 130, 126]              [23, 47, 129, 126]              [23, 47, 129, 126]              [23, 47, 129, 126]                Change                 yes       
  20         D20N-N19CO-CA-D20HN             [37, 42, 146, 150]              [37, 42, 145, 150]              [37, 42, 145, 150]              [37, 42, 145, 150]                Change                 yes       
  21         L21N-D20CO-CA-L21HN             [65, 36, 113, 140]              [66, 36, 113, 140]              [66, 36, 113, 140]              [66, 36, 113, 140]                Change                 yes       
  22         A22N-L21CO-CA-A22HN              [60, 32, 86, 128]               [62, 32, 86, 128]               [62, 32, 86, 128]               [62, 32, 86, 128]                Change                 yes       
  23         S23N-A22CO-CA-S23HN              [82, 75, 74, 152]               [84, 74, 74, 152]               [84, 74, 74, 152]               [84, 74, 74, 152]                Change                 yes       
  24         L24N-S23CO-CA-L24HN             [90, 32, 148, 101]              [91, 32, 149, 101]              [91, 32, 149, 101]              [91, 32, 149, 101]                Change                 yes       
  25         Q25N-L24CO-CA-Q25HN              [62, 47, 95, 132]               [63, 47, 95, 132]               [63, 47, 95, 132]               [63, 47, 95, 132]                Change                 yes       
  26         Q26N-Q25CO-CA-Q26HN             [47, 42, 129, 129]              [48, 42, 129, 129]              [48, 42, 129, 129]              [48, 42, 129, 129]                Change                 yes       
  27         T27N-Q26CO-CA-T27HN             [65, 67, 128, 127]                     None                     [64, 67, 128, 130]              [65, 67, 128, 130]                Change                 no        
  28         H28N-T27CO-CA-H28HN              [30, 41, 170, 73]               [30, 41, 170, 73]               [30, 41, 170, 73]               [30, 41, 170, 73]                  OK                   yes       
  29         Y29N-H28CO-CA-Y29HN             [46, 36, 168, 134]              [47, 36, 168, 134]              [47, 36, 168, 134]              [47, 36, 168, 134]                Change                 yes       
  30         S30N-Y29CO-CA-S30HN             [37, 55, 136, 112]              [38, 55, 136, 112]              [38, 55, 136, 112]              [38, 55, 136, 112]                Change                 yes       
  31         S31N-S30CO-CA-S31HN             [25, 54, 164, 111]              [26, 54, 164, 111]              [26, 54, 164, 111]              [26, 54, 164, 111]                Change                 yes       
  32         E32N-S31CO-CA-E32HN             [24, 36, 157, 105]              [24, 36, 157, 105]              [24, 36, 157, 105]              [24, 36, 157, 105]                  OK                   yes       
  33         E33N-E32CO-CA-E33HN             [40, 41, 118, 122]              [40, 41, 118, 122]              [41, 41, 118, 121]              [43, 42, 119, 120]                Change                 no        
  34         N34N-E33CO-CA-N34HN             [27, 48, 126, 122]              [27, 48, 126, 122]              [27, 48, 126, 122]              [27, 48, 126, 122]                  OK                   yes       
  35         A35N-N34CO-CA-A35HN             [55, 26, 157, 155]              [55, 26, 157, 155]              [55, 26, 157, 155]              [55, 26, 157, 155]                  OK                   yes       
  36         D36N-A35CO-CA-D36HN             [38, 47, 104, 161]              [39, 47, 104, 161]              [39, 47, 104, 161]              [39, 47, 104, 161]                Change                 yes       
  37         V37N-D36CO-CA-V37HN             [80, 39, 134, 145]              [80, 39, 133, 145]              [80, 39, 133, 145]              [80, 39, 133, 145]                Change                 yes       
  38                None                            None                            None                            None                            None                        None                  yes       
  39                None                            None                            None                            None                            None                        None                  yes       
  40                None                            None                            None                            None                            None                        None                  yes       
  41                None                            None                            None                            None                            None                        None                  yes       
  42                None                            None                            None                            None                            None                        None                  yes       
  43                None                            None                            None                            None                            None                        None                  yes       
  44                None                            None                            None                            None                            None                        None                  yes       
  45                None                            None                            None                            None                            None                        None                  yes       
  46                None                            None                            None                            None                            None                        None                  yes       
  47                None                            None                            None                            None                            None                        None                  yes       
  48         S48N-P47CO-CA-S48HN              [24, 63, 109, 62]               [25, 63, 108, 62]               [25, 63, 108, 62]               [25, 63, 108, 62]                Change                 yes       
  49         K49N-S48CO-CA-K49HN             [30, 31, 157, 107]              [32, 33, 156, 107]              [30, 31, 156, 107]              [32, 33, 156, 107]                Change                 yes       
  50         S50N-K49CO-CA-S50HN             [27, 58, 116, 125]              [27, 58, 117, 126]              [27, 58, 117, 126]              [27, 58, 117, 126]                Change                 yes       
  51         Q51N-S50CO-CA-Q51HN             [19, 36, 159, 106]              [19, 36, 159, 106]              [19, 36, 159, 106]              [19, 36, 159, 106]                  OK                   yes       
  52         E52N-Q51CO-CA-E52HN             [21, 37, 133, 130]              [22, 37, 133, 130]              [22, 37, 133, 130]              [22, 37, 133, 130]                Change                 yes       
  53         T53N-E52CO-CA-T53HN             [50, 65, 120, 123]              [51, 65, 119, 123]              [51, 65, 119, 123]              [51, 65, 119, 123]                Change                 yes       
  54         V54N-T53CO-CA-V54HN              [47, 35, 165, 76]               [47, 35, 165, 77]               [47, 35, 165, 77]               [47, 35, 165, 77]                Change                 yes       
  55         D55N-V54CO-CA-D55HN              [22, 26, 138, 74]               [24, 26, 138, 74]               [24, 26, 138, 74]               [24, 26, 138, 74]                Change                 yes       
  56         D56N-D55CO-CA-D56HN             [41, 41, 134, 145]              [41, 41, 134, 145]              [41, 41, 134, 145]              [41, 41, 134, 145]                  OK                   yes       
  57         D57N-D56CO-CA-D57HN             [36, 42, 132, 144]              [37, 42, 131, 144]              [37, 42, 131, 144]              [37, 42, 131, 144]                Change                 yes       
  58         D58N-D57CO-CA-D58HN             [43, 42, 131, 144]              [42, 41, 130, 144]              [43, 42, 131, 144]              [42, 41, 130, 144]                Change                 yes       
  59         D59N-D58CO-CA-D59HN             [41, 41, 130, 145]              [42, 41, 130, 144]              [41, 41, 130, 145]              [42, 41, 130, 144]                Change                 yes       
  60         D60N-D59CO-CA-D60HN             [40, 41, 129, 145]              [42, 41, 130, 144]              [40, 41, 129, 145]              [42, 41, 130, 144]                Change                 yes       
  61         D61N-D60CO-CA-D61HN             [37, 42, 129, 143]              [37, 42, 131, 144]              [37, 42, 129, 143]              [37, 42, 131, 144]                Change                 yes       
  62         N62N-D61CO-CA-N62HN             [38, 50, 127, 145]              [38, 50, 127, 145]              [38, 50, 127, 145]              [38, 50, 127, 145]                  OK                   yes       
  63         D63N-N62CO-CA-D63HN             [30, 41, 147, 152]              [30, 41, 147, 152]              [30, 41, 147, 152]              [30, 41, 147, 152]                  OK                   yes       
  64         S64N-D63CO-CA-S64HN             [50, 64, 122, 143]              [50, 64, 122, 143]              [50, 64, 122, 143]              [50, 64, 122, 143]                  OK                   yes       
  65         N65N-S64CO-CA-N65HN             [16, 43, 162, 106]              [17, 43, 162, 106]              [17, 43, 162, 106]              [17, 43, 162, 106]                Change                 yes       
  66         D66N-N65CO-CA-D66HN             [36, 41, 151, 154]              [36, 41, 151, 154]              [35, 41, 151, 154]              [35, 41, 151, 154]                Change                 no        
  67         T67N-D66CO-CA-T67HN             [71, 74, 123, 143]              [71, 74, 123, 143]              [71, 74, 123, 143]              [71, 74, 123, 143]                  OK                   yes       
  68         D68N-T67CO-CA-D68HN              [25, 32, 166, 76]               [25, 32, 166, 77]               [25, 32, 166, 77]               [25, 32, 166, 77]                Change                 yes       
  69         E69N-D68CO-CA-E69HN             [22, 38, 123, 144]              [23, 38, 123, 144]              [23, 38, 123, 144]              [23, 38, 123, 144]                Change                 yes       
  70         S70N-E69CO-CA-S70HN             [28, 61, 119, 123]              [29, 61, 119, 124]              [28, 61, 119, 124]              [29, 61, 119, 124]                Change                 yes       
  71         D71N-S70CO-CA-D71HN             [33, 35, 163, 105]              [33, 34, 163, 105]              [33, 34, 163, 105]              [33, 34, 163, 105]                Change                 yes       
  72         E72N-D71CO-CA-E72HN             [52, 41, 127, 143]              [53, 41, 127, 143]              [53, 41, 127, 143]              [53, 41, 127, 143]                Change                 yes       
  73         V73N-E72CO-CA-V73HN             [75, 41, 130, 124]              [76, 41, 130, 124]              [76, 41, 130, 124]              [76, 41, 130, 124]                Change                 yes       
  74         F74N-V73CO-CA-F74HN              [28, 26, 136, 73]               [29, 26, 136, 73]               [29, 26, 136, 73]               [29, 26, 136, 73]                Change                 yes       
  75         T75N-F74CO-CA-T75HN             [80, 65, 136, 114]              [79, 64, 136, 114]              [79, 64, 136, 114]              [79, 64, 136, 114]                Change                 yes       
  76         D76N-T75CO-CA-D76HN              [78, 35, 181, 79]               [79, 35, 182, 79]               [79, 35, 182, 79]               [79, 35, 182, 79]                Change                 yes       
  77         F77N-D76CO-CA-F77HN             [74, 42, 147, 146]              [74, 42, 147, 146]              [74, 42, 147, 146]              [74, 42, 147, 146]                  OK                   yes       
  78                None                            None                            None                            None                            None                        None                  yes       
  79         T79N-P78CO-CA-T79HN              [52, 71, 109, 62]               [52, 71, 109, 62]               [52, 71, 109, 62]               [52, 71, 109, 62]                  OK                   yes       
  80         E80N-T79CO-CA-E80HN              [34, 34, 160, 74]               [34, 34, 160, 74]               [34, 34, 160, 74]               [34, 34, 160, 74]                  OK                   yes       
  81         A81N-E80CO-CA-A81HN             [43, 17, 138, 128]              [42, 17, 138, 128]              [42, 17, 138, 128]              [42, 17, 138, 128]                Change                 yes       
  82                None                            None                            None                            None                            None                        None                  yes       
  83                None                            None                            None                            None                            None                        None                  yes       
  84                None                            None                            None                            None                            None                        None                  yes       
  85                None                            None                            None                            None                            None                        None                  yes       
  86         F86N-P85CO-CA-F86HN              [69, 49, 117, 63]               [69, 48, 117, 63]               [69, 48, 117, 63]               [69, 48, 117, 63]                Change                 yes       
  87         N87N-F86CO-CA-N87HN             [37, 43, 144, 114]              [38, 42, 144, 114]              [38, 42, 144, 114]              [38, 42, 144, 114]                Change                 yes       
  88         R88N-N87CO-CA-R88HN             [43, 38, 154, 158]              [42, 38, 154, 158]              [42, 38, 154, 158]              [42, 38, 154, 158]                Change                 yes       
  89         G89N-R88CO-CA-G89HN             [25, 94, 114, 123]              [26, 94, 114, 124]              [26, 94, 114, 124]              [26, 94, 114, 124]                Change                 yes       
  90         D90N-G89CO-CA-D90HN             [58, 45, 171, 227]                     None                     [57, 45, 171, 227]                     None                       Change                 yes       
  91         N91N-D90CO-CA-N91HN             [24, 51, 124, 144]              [24, 51, 124, 144]              [24, 51, 124, 144]              [24, 51, 124, 144]                  OK                   yes       
  92         A92N-N91CO-CA-A92HN             [50, 30, 146, 153]              [50, 30, 146, 152]              [50, 30, 146, 152]              [50, 30, 146, 152]                Change                 yes       
  93         G93N-A92CO-CA-G93HN             [31, 101, 83, 156]              [31, 101, 83, 156]              [31, 101, 83, 156]              [31, 101, 83, 156]                  OK                   yes       
  94         R94N-G93CO-CA-R94HN             [66, 46, 162, 226]                     None                     [67, 45, 162, 226]                     None                         OK                   yes       
  95         G95N-R94CO-CA-G95HN             [18, 93, 109, 126]              [18, 93, 109, 126]              [17, 93, 109, 126]              [18, 93, 109, 126]                Change                 yes       
  96         D96N-G95CO-CA-D96HN             [52, 45, 172, 226]                     None                     [52, 45, 171, 226]                     None                       Change                 yes       
  97         S97N-D96CO-CA-S97HN             [52, 66, 120, 144]              [50, 64, 122, 143]              [51, 65, 121, 144]              [50, 64, 122, 143]                Change                 yes       
  98         V98N-S97CO-CA-V98HN             [81, 40, 155, 104]              [81, 40, 155, 104]              [81, 40, 155, 104]              [81, 40, 155, 104]                  OK                   yes       
  99         A99N-V98CO-CA-A99HN              [58, 17, 131, 69]               [58, 17, 131, 69]               [58, 17, 131, 69]               [58, 17, 131, 69]                  OK                   yes       
 100        Y100N-A99CO-CA-Y100HN            [78, 50, 100, 161]              [78, 50, 100, 161]              [78, 50, 100, 161]              [78, 50, 100, 161]                  OK                   yes       
 101       G101N-Y100CO-CA-G101HN            [56, 92, 119, 107]              [56, 92, 120, 107]              [56, 92, 120, 107]              [56, 92, 120, 107]                Change                 yes       
 102       F102N-G101CO-CA-F102HN            [85, 46, 173, 227]                     None                     [87, 46, 173, 227]                     None                       Change                 yes       
 103       R103N-F102CO-CA-R103HN            [68, 34, 135, 109]              [68, 34, 135, 109]              [68, 34, 135, 109]              [68, 34, 135, 109]                  OK                   yes       
 104       A104N-R103CO-CA-A104HN            [59, 24, 139, 130]              [60, 24, 139, 130]              [60, 24, 139, 130]              [60, 24, 139, 130]                Change                 yes       
 105       K105N-A104CO-CA-K105HN             [55, 45, 95, 160]               [55, 45, 93, 161]               [55, 45, 95, 160]               [55, 45, 93, 161]                Change                 yes       
 106       A106N-K105CO-CA-A106HN            [53, 26, 125, 127]              [54, 26, 124, 126]              [53, 26, 125, 127]              [54, 26, 124, 126]                Change                 yes       
 107       H107N-A106CO-CA-H107HN            [30, 53, 100, 161]              [30, 53, 100, 161]              [30, 53, 100, 161]              [30, 53, 100, 161]                  OK                   yes       
 108       V108N-H107CO-CA-V108HN            [71, 35, 158, 132]              [71, 34, 157, 131]              [71, 34, 157, 131]              [71, 34, 157, 131]                Change                 yes       
 109       V109N-V108CO-CA-V109HN             [44, 24, 132, 70]               [44, 24, 132, 70]               [44, 24, 132, 70]               [44, 24, 132, 70]                  OK                   yes       
 110       K110N-V109CO-CA-K110HN             [24, 19, 128, 70]                     None                      [24, 19, 128, 70]                     None                         OK                   yes       
 111                None                            None                            None                            None                            None                        None                  yes       
 112                None                            None                            None                            None                            None                        None                  yes       
 113                None                            None                            None                            None                            None                        None                  yes       
 114                None                            None                            None                            None                            None                        None                  yes       
 115                None                            None                            None                            None                            None                        None                  yes       
 116                None                            None                            None                            None                            None                        None                  yes       
 117       A117N-K116CO-CA-A117HN            [43, 24, 120, 122]                     None                     [43, 24, 120, 122]                     None                        None                  yes       
 118       A118N-A117CO-CA-A118HN             [53, 31, 99, 161]               [54, 31, 99, 161]               [54, 31, 99, 161]               [54, 31, 99, 161]                Change                 yes       
 119       R119N-A118CO-CA-R119HN             [55, 45, 93, 162]               [55, 45, 93, 161]               [55, 45, 93, 161]               [55, 45, 93, 161]                Change                 yes       
 120       K120N-R119CO-CA-K120HN            [37, 33, 125, 127]                     None                     [37, 33, 125, 127]                     None                       Change                 yes       
 121       L121N-K120CO-CA-L121HN            [43, 29, 124, 126]              [44, 30, 124, 126]              [44, 30, 124, 126]              [44, 30, 124, 126]                Change                 yes       
 122       I122N-L121CO-CA-I122HN            [81, 41, 106, 134]              [82, 41, 106, 134]              [82, 41, 106, 134]              [82, 41, 106, 134]                Change                 yes       
 123       E123N-I122CO-CA-E123HN             [16, 25, 127, 83]               [16, 25, 127, 83]               [16, 25, 127, 83]               [16, 25, 127, 83]                  OK                   yes       
 124       D124N-E123CO-CA-D124HN            [40, 40, 127, 123]              [40, 40, 127, 123]              [40, 40, 127, 123]              [40, 40, 127, 123]                  OK                   yes       
 125       D125N-D124CO-CA-D125HN            [44, 43, 130, 142]              [45, 43, 131, 142]              [45, 43, 131, 142]              [45, 43, 131, 142]                Change                 yes       
 126       A126N-D125CO-CA-A126HN            [53, 27, 129, 145]              [53, 27, 128, 145]              [53, 27, 128, 145]              [53, 27, 128, 145]                Change                 yes       
 127       T127N-A126CO-CA-T127HN             [55, 76, 87, 159]               [55, 76, 87, 159]               [54, 76, 87, 159]               [55, 76, 87, 159]                Change                 yes       
 128       T128N-T127CO-CA-T128HN             [62, 63, 152, 74]               [62, 63, 152, 74]               [62, 63, 152, 74]               [62, 63, 152, 74]                  OK                   yes       
 129       E129N-T128CO-CA-E129HN             [15, 32, 159, 76]               [15, 32, 159, 76]               [15, 32, 159, 76]               [15, 32, 159, 76]                  OK                   yes       
 130       D130N-E129CO-CA-D130HN            [30, 40, 125, 124]              [29, 40, 125, 124]              [29, 40, 125, 124]              [29, 40, 125, 124]                Change                 yes       
 131       G131N-D130CO-CA-G131HN            [37, 94, 112, 143]              [37, 94, 112, 143]              [37, 94, 112, 143]              [37, 94, 112, 143]                  OK                   yes       
 132       D132N-G131CO-CA-D132HN            [46, 44, 168, 225]                     None                     [47, 44, 168, 225]                     None                         OK                   yes       
 133       S133N-D132CO-CA-S133HN            [58, 65, 122, 144]              [58, 65, 122, 144]              [58, 65, 122, 144]              [58, 65, 122, 144]                  OK                   yes       
 134       Q134N-S133CO-CA-Q134HN            [43, 34, 167, 106]              [43, 34, 167, 107]              [43, 34, 167, 107]              [43, 34, 167, 107]                Change                 yes       
 135                None                            None                            None                            None                            None                        None                  yes       
 136       A136N-P135CO-CA-A136HN             [24, 27, 117, 63]               [25, 27, 116, 63]               [25, 27, 116, 63]               [25, 27, 116, 63]                Change                 yes       
 137       G137N-A136CO-CA-G137HN            [50, 102, 82, 160]              [51, 102, 82, 160]              [51, 102, 82, 160]              [51, 102, 82, 160]                Change                 yes       
 138       L138N-G137CO-CA-L138HN            [102, 41, 173, 228]                    None                     [103, 41, 173, 228]                    None                       Change                 yes       
 139       W139N-L138CO-CA-W139HN            [102, 41, 119, 137]             [102, 41, 119, 137]             [102, 41, 119, 137]             [102, 41, 119, 137]                 OK                   yes       
 140       W140N-W139CO-CA-W140HN            [125, 27, 151, 120]             [126, 27, 151, 120]             [126, 27, 151, 120]             [126, 27, 151, 120]               Change                 yes       
 141                None                            None                            None                            None                            None                        None                  yes       
 142       K142N-P141CO-CA-K142HN             [33, 38, 111, 65]               [33, 38, 111, 65]               [33, 38, 111, 65]               [33, 38, 111, 65]                  OK                   yes       
 143       E143N-K142CO-CA-E143HN             [6, 42, 111, 121]               [7, 42, 111, 121]               [7, 42, 111, 121]               [7, 42, 111, 121]                Change                 yes       
 144       S144N-E143CO-CA-S144HN            [38, 60, 119, 122]              [40, 60, 119, 122]              [40, 60, 119, 122]              [40, 60, 119, 122]                Change                 yes       
 145       R145N-S144CO-CA-R145HN            [31, 33, 157, 107]              [32, 33, 156, 107]              [32, 33, 156, 107]              [32, 33, 156, 107]                Change                 yes       
 146       E146N-R145CO-CA-E146HN            [27, 41, 120, 125]              [27, 41, 119, 125]              [27, 41, 119, 125]              [27, 41, 119, 125]                Change                 yes       
 147       Q147N-E146CO-CA-Q147HN            [30, 42, 116, 121]              [30, 41, 116, 121]              [31, 42, 115, 121]              [31, 42, 115, 121]                Change                 no        
 148       N148N-Q147CO-CA-N148HN            [18, 48, 133, 127]              [18, 48, 133, 127]              [19, 48, 133, 127]              [18, 48, 133, 127]                Change                 yes       
 149       S149N-N148CO-CA-S149HN            [43, 63, 143, 153]              [44, 63, 143, 153]              [44, 63, 143, 153]              [44, 63, 143, 153]                Change                 yes       
 150       R150N-S149CO-CA-R150HN            [40, 35, 157, 104]              [40, 35, 157, 104]              [40, 35, 157, 104]              [40, 35, 157, 104]                  OK                   yes       
 151       E151N-R150CO-CA-E151HN            [49, 41, 127, 126]              [49, 41, 127, 126]              [49, 41, 128, 127]              [48, 42, 129, 129]                Change                 no        
 152       L152N-E151CO-CA-L152HN            [46, 25, 128, 127]              [47, 25, 128, 127]              [47, 25, 128, 127]              [47, 25, 128, 127]                Change                 yes       
 153                None                            None                            None                            None                            None                        None                  yes       
 154       Q154N-P153CO-CA-Q154HN             [12, 45, 110, 63]               [12, 45, 110, 63]               [12, 45, 110, 63]               [12, 45, 110, 63]                  OK                   yes       
 155       H155N-Q154CO-CA-H155HN            [25, 47, 131, 130]              [26, 47, 131, 130]              [26, 47, 131, 130]              [26, 47, 131, 130]                Change                 yes       
 156       Q156N-H155CO-CA-Q156HN            [28, 38, 156, 130]              [28, 38, 156, 131]              [28, 38, 156, 131]              [28, 38, 156, 131]                Change                 yes       
 157       S157N-Q156CO-CA-S157HN            [15, 56, 136, 131]              [16, 56, 136, 131]              [16, 56, 136, 131]              [16, 56, 136, 131]                Change                 yes       
 158       V158N-S157CO-CA-V158HN            [50, 39, 159, 108]              [50, 39, 159, 108]              [51, 39, 159, 108]              [50, 39, 159, 108]                Change                 yes       
 159       E159N-V158CO-CA-E159HN             [14, 28, 124, 71]               [14, 28, 124, 71]               [14, 28, 124, 71]               [14, 28, 124, 71]                  OK                   yes       
 160       N160N-E159CO-CA-N160HN            [19, 48, 122, 122]              [20, 48, 122, 122]              [20, 48, 122, 122]              [20, 48, 122, 122]                Change                 yes       
 161       D161N-N160CO-CA-D161HN            [37, 42, 150, 152]              [35, 42, 148, 153]              [38, 42, 150, 152]              [38, 42, 150, 152]                Change                 no        
 162       S162N-D161CO-CA-S162HN            [50, 63, 125, 143]              [50, 63, 125, 143]              [50, 63, 124, 143]              [50, 64, 122, 143]                Change                 no        
 163       R163N-S162CO-CA-R163HN            [68, 30, 165, 107]              [67, 30, 165, 107]              [67, 30, 165, 107]              [67, 30, 165, 107]                Change                 yes       
 164                None                            None                            None                            None                            None                        None                  yes       
 165       K165N-P164CO-CA-K165HN             [31, 39, 117, 64]               [32, 39, 117, 64]               [32, 39, 117, 64]               [32, 39, 117, 64]                Change                 yes       
 166       F166N-K165CO-CA-F166HN            [53, 42, 122, 127]              [54, 42, 123, 128]              [54, 42, 123, 128]              [54, 42, 123, 128]                Change                 yes       
 167       D167N-F166CO-CA-D167HN            [38, 35, 148, 115]              [39, 35, 148, 116]              [38, 35, 148, 116]              [39, 35, 148, 116]                Change                 yes       
 168       S168N-D167CO-CA-S168HN            [46, 59, 129, 148]              [47, 58, 129, 149]              [47, 58, 129, 149]              [47, 58, 129, 149]                Change                 yes       
 169       R169N-S168CO-CA-R169HN            [31, 35, 157, 104]              [32, 35, 157, 104]              [32, 35, 157, 104]              [32, 35, 157, 104]                Change                 yes       
 170       E170N-R169CO-CA-E170HN            [37, 40, 119, 124]              [38, 40, 119, 125]              [38, 40, 119, 125]              [38, 40, 119, 125]                Change                 yes       
 171       V171N-E170CO-CA-V171HN            [66, 44, 117, 123]              [67, 44, 116, 123]              [67, 44, 116, 123]              [67, 44, 116, 123]                Change                 yes       
 172       D172N-V171CO-CA-D172HN             [25, 29, 130, 71]               [25, 29, 130, 71]               [25, 29, 130, 71]               [25, 29, 130, 71]                  OK                   yes       
 173       G173N-D172CO-CA-G173HN            [28, 91, 114, 143]              [28, 91, 114, 143]              [28, 91, 114, 143]              [28, 91, 114, 143]                  OK                   yes       
 174       G174N-G173CO-CA-G174HN            [34, 97, 150, 225]                     None                     [34, 97, 150, 225]                     None                         OK                   yes       
 175       D175N-G174CO-CA-D175HN            [38, 44, 170, 227]                     None                     [40, 44, 170, 227]                     None                         OK                   yes       
 176       S176N-D175CO-CA-S176HN            [34, 61, 115, 145]              [34, 61, 115, 145]              [34, 61, 115, 145]              [34, 61, 115, 145]                  OK                   yes       
 177       K177N-S176CO-CA-K177HN            [38, 33, 151, 102]              [39, 33, 151, 102]              [39, 33, 151, 102]              [39, 33, 151, 102]                Change                 yes       
 178       A178N-K177CO-CA-A178HN            [58, 26, 116, 125]              [58, 26, 115, 125]              [58, 26, 115, 125]              [58, 26, 115, 125]                Change                 yes       
 179       S179N-A178CO-CA-S179HN             [52, 69, 88, 158]               [52, 69, 88, 158]               [52, 69, 88, 158]               [52, 69, 88, 158]                  OK                   yes       
 180       A180N-S179CO-CA-A180HN            [46, 20, 163, 108]              [47, 20, 163, 108]              [47, 20, 163, 108]              [47, 20, 163, 108]                Change                 yes       
 181       G181N-A180CO-CA-G181HN            [37, 100, 86, 159]              [37, 100, 86, 159]              [37, 100, 86, 159]              [37, 100, 86, 159]                  OK                   yes       
 182       V182N-G181CO-CA-V182HN            [87, 51, 166, 228]                     None                     [87, 51, 166, 228]                     None                         OK                   yes       
 183       D183N-V182CO-CA-D183HN             [15, 29, 130, 70]               [16, 29, 130, 70]               [15, 29, 130, 70]               [16, 29, 130, 70]                Change                 yes       
 184       S184N-D183CO-CA-S184HN            [40, 58, 121, 145]              [40, 58, 121, 145]              [40, 58, 121, 145]              [40, 58, 121, 145]                  OK                   yes       
 185       R185N-S184CO-CA-R185HN            [25, 34, 151, 105]              [26, 34, 151, 105]              [26, 34, 151, 105]              [26, 34, 151, 105]                Change                 yes       
 186       E186N-R185CO-CA-E186HN            [31, 43, 112, 122]              [31, 43, 112, 122]              [31, 43, 112, 122]              [31, 43, 112, 122]                  OK                   yes       
 187       S187N-E186CO-CA-S187HN            [43, 63, 113, 121]              [43, 63, 113, 121]              [43, 63, 113, 121]              [43, 63, 113, 121]                  OK                   yes       
 188       Q188N-S187CO-CA-Q188HN            [27, 37, 155, 106]              [27, 36, 155, 106]              [27, 36, 155, 106]              [27, 36, 155, 106]                Change                 yes       
 189       G189N-Q188CO-CA-G189HN            [28, 92, 120, 128]              [28, 92, 120, 128]              [28, 92, 120, 128]              [28, 92, 120, 128]                  OK                   yes       
 190       S190N-G189CO-CA-S190HN            [58, 66, 171, 228]                     None                     [58, 66, 171, 228]                     None                         OK                   yes       
 191       V191N-S190CO-CA-V191HN            [58, 33, 167, 109]              [58, 33, 168, 109]              [58, 33, 168, 109]              [58, 33, 168, 109]                Change                 yes       
 192                None                            None                            None                            None                            None                        None                  yes       
 193       A193N-P192CO-CA-A193HN             [25, 24, 120, 64]               [26, 24, 120, 64]               [26, 24, 120, 64]               [26, 24, 120, 64]                Change                 yes       
 194       V194N-A193CO-CA-V194HN             [63, 49, 91, 163]               [64, 49, 91, 163]               [64, 49, 91, 163]               [64, 49, 91, 163]                Change                 yes       
 195       D195N-V194CO-CA-D195HN             [27, 28, 133, 72]               [27, 28, 133, 72]               [27, 28, 133, 72]               [27, 28, 133, 72]                  OK                   yes       
 196       A196N-D195CO-CA-A196HN            [34, 21, 127, 147]              [34, 21, 127, 147]              [34, 21, 127, 147]              [34, 21, 127, 147]                  OK                   yes       
 197       S197N-A196CO-CA-S197HN             [30, 70, 86, 158]               [30, 70, 86, 158]               [30, 70, 86, 158]               [30, 70, 86, 158]                  OK                   yes       
 198       N198N-S197CO-CA-N198HN            [43, 46, 159, 101]              [43, 45, 159, 101]              [43, 45, 159, 101]              [43, 45, 159, 101]                Change                 yes       
 199       Q199N-N198CO-CA-Q199HN            [49, 44, 147, 153]              [50, 44, 147, 153]              [50, 44, 147, 153]              [50, 44, 147, 153]                Change                 yes       
 200       T200N-Q199CO-CA-T200HN            [49, 64, 128, 129]              [50, 64, 128, 129]              [50, 64, 128, 129]              [50, 64, 128, 129]                Change                 yes       
 201       L201N-T200CO-CA-L201HN             [40, 24, 162, 74]               [40, 24, 162, 73]               [40, 24, 162, 73]               [40, 24, 162, 73]                Change                 yes       
 202       E202N-L201CO-CA-E202HN            [21, 37, 102, 136]              [22, 37, 102, 136]              [21, 37, 102, 136]              [22, 37, 102, 136]                Change                 yes       
 203       S203N-E202CO-CA-S203HN            [31, 60, 121, 123]              [32, 60, 121, 123]              [32, 60, 121, 123]              [32, 60, 121, 123]                Change                 yes       
 204       A204N-S203CO-CA-A204HN            [21, 17, 164, 110]              [22, 17, 164, 110]              [22, 17, 164, 110]              [22, 17, 164, 110]                Change                 yes       
 205       E205N-A204CO-CA-E205HN             [25, 47, 87, 159]               [25, 47, 87, 159]               [25, 47, 87, 159]               [25, 47, 87, 159]                  OK                   yes       
 206       D206N-E205CO-CA-D206HN            [43, 41, 120, 120]              [43, 42, 119, 120]              [43, 41, 120, 120]              [43, 42, 119, 120]                Change                 yes       
 207       A207N-D206CO-CA-A207HN            [65, 27, 126, 144]              [66, 27, 126, 144]              [66, 27, 126, 144]              [66, 27, 126, 144]                Change                 yes       
 208       E208N-A207CO-CA-E208HN             [37, 48, 86, 157]               [37, 48, 86, 157]               [37, 48, 86, 157]               [37, 48, 86, 157]                  OK                   yes       
 209       D209N-E208CO-CA-D209HN            [41, 42, 119, 120]              [43, 42, 119, 120]              [41, 42, 119, 120]              [43, 42, 119, 120]                Change                 yes       
 210       R210N-D209CO-CA-R210HN            [58, 40, 120, 144]              [58, 40, 120, 144]              [58, 40, 120, 144]              [58, 40, 120, 144]                  OK                   yes       
 211       H211N-R210CO-CA-H211HN            [21, 51, 118, 126]              [22, 51, 118, 126]              [22, 51, 118, 126]              [22, 51, 118, 126]                Change                 yes       
 212       S212N-H211CO-CA-S212HN            [43, 61, 151, 129]              [43, 61, 151, 129]              [43, 61, 151, 129]              [43, 61, 151, 129]                  OK                   yes       
 213       I213N-S212CO-CA-I213HN            [66, 37, 157, 105]              [67, 37, 157, 105]              [67, 37, 157, 105]              [67, 37, 157, 105]                Change                 yes       
 214       E214N-I213CO-CA-E214HN             [27, 28, 120, 78]               [28, 28, 120, 78]               [28, 28, 120, 78]               [28, 28, 120, 78]                Change                 yes       
 215       N215N-E214CO-CA-N215HN            [25, 48, 126, 122]              [27, 48, 126, 122]              [25, 48, 126, 122]              [27, 48, 126, 122]                Change                 yes       
 216       N216N-N215CO-CA-N216HN            [25, 49, 153, 154]              [25, 49, 153, 154]              [25, 49, 153, 154]              [25, 49, 153, 154]                  OK                   yes       
 217       E217N-N216CO-CA-E217HN            [34, 42, 148, 153]              [35, 42, 148, 153]              [35, 42, 148, 153]              [35, 42, 148, 153]                Change                 yes       
 218       V218N-E217CO-CA-V218HN            [63, 41, 122, 123]              [64, 41, 121, 122]              [64, 41, 121, 122]              [64, 41, 121, 122]                Change                 yes       
 219       T219N-V218CO-CA-T219HN             [47, 50, 124, 70]               [47, 50, 124, 71]               [47, 50, 124, 71]               [47, 50, 124, 71]                Change                 yes       
